# relative_time, cycles_done, cur_item, corpus_count, pending_total, pending_favs, map_size, saved_crashes, saved_hangs, max_depth, execs_per_sec, total_execs, edges_found
61, 0, 467, 743, 732, 142, 7.73%, 0, 0, 4, 1055.72, 71808, 5067
66, 0, 467, 748, 737, 142, 7.73%, 0, 0, 4, 1214.51, 78311, 5069
71, 0, 576, 763, 751, 149, 7.77%, 0, 0, 4, 1136.41, 84167, 5090
76, 0, 576, 776, 764, 149, 7.79%, 0, 0, 4, 1068.82, 89513, 5108
81, 0, 762, 803, 788, 156, 7.81%, 0, 0, 4, 1012.37, 94416, 5116
86, 0, 740, 819, 802, 154, 7.84%, 0, 0, 5, 1202.34, 100902, 5135
92, 0, 740, 827, 810, 154, 7.86%, 0, 0, 5, 1278.63, 107590, 5148
97, 0, 464, 844, 820, 148, 7.86%, 0, 0, 6, 1129.88, 112983, 5152
102, 0, 464, 856, 832, 148, 7.88%, 0, 0, 6, 1253.28, 119395, 5164
107, 0, 747, 869, 841, 148, 7.89%, 0, 0, 6, 1288.90, 126179, 5171
112, 0, 10, 932, 900, 145, 7.93%, 0, 0, 6, 824.89, 130194, 5195
117, 0, 10, 952, 920, 145, 7.94%, 0, 2, 6, 573.73, 132285, 5204
122, 0, 10, 972, 940, 145, 7.94%, 0, 2, 6, 666.55, 135757, 5206
127, 0, 10, 982, 950, 145, 7.95%, 0, 4, 6, 739.07, 137861, 5208
132, 0, 1, 991, 954, 145, 7.95%, 0, 6, 6, 703.53, 140526, 5212
137, 0, 646, 1005, 961, 140, 7.95%, 0, 6, 6, 1105.79, 146648, 5212
142, 0, 646, 1009, 965, 140, 7.95%, 0, 6, 6, 1283.48, 153224, 5212
147, 0, 857, 1024, 977, 138, 7.96%, 0, 6, 6, 1183.26, 159190, 5214
153, 0, 8, 1049, 992, 131, 7.97%, 0, 6, 6, 1191.35, 165318, 5221
158, 0, 8, 1089, 1032, 131, 7.99%, 0, 6, 6, 1010.39, 170202, 5237
163, 0, 786, 1102, 1043, 138, 8.00%, 0, 6, 6, 1044.78, 175637, 5243
168, 0, 14, 1114, 1042, 123, 8.00%, 0, 6, 6, 1173.21, 181851, 5243
173, 0, 775, 1128, 1053, 120, 8.00%, 0, 6, 6, 1063.50, 187093, 5246
178, 0, 775, 1137, 1062, 120, 8.02%, 0, 6, 6, 1036.50, 192430, 5253
183, 0, 1131, 1147, 1065, 119, 8.02%, 0, 6, 6, 1057.39, 198105, 5255
188, 0, 1131, 1151, 1069, 119, 8.03%, 0, 6, 6, 1027.38, 203211, 5263
193, 0, 1024, 1165, 1078, 118, 8.04%, 0, 6, 7, 1117.51, 208792, 5272
199, 0, 4, 1193, 1105, 117, 8.05%, 0, 6, 7, 887.25, 212943, 5273
204, 0, 4, 1200, 1112, 117, 8.05%, 0, 6, 7, 839.47, 217239, 5275
209, 0, 825, 1208, 1113, 114, 8.05%, 0, 6, 7, 1013.86, 222294, 5275
214, 0, 856, 1220, 1121, 110, 8.05%, 0, 6, 7, 1189.20, 228586, 5275
219, 0, 856, 1225, 1126, 110, 8.05%, 0, 6, 7, 1226.52, 234801, 5275
224, 0, 626, 1231, 1124, 103, 8.05%, 0, 6, 7, 1215.14, 240852, 5275
229, 0, 7, 1248, 1140, 102, 8.05%, 0, 6, 7, 1144.26, 246427, 5275
234, 0, 941, 1255, 1143, 102, 8.06%, 0, 6, 7, 1061.19, 251922, 5282
239, 0, 588, 1259, 1135, 90, 8.06%, 0, 6, 7, 1167.33, 258107, 5285
244, 0, 1151, 1269, 1143, 88, 8.08%, 0, 6, 7, 1175.28, 263989, 5293
249, 0, 1151, 1272, 1146, 88, 8.08%, 0, 6, 7, 1125.91, 269783, 5293
254, 0, 1091, 1275, 1141, 80, 8.08%, 0, 6, 7, 1117.17, 275640, 5293
260, 0, 661, 1282, 1137, 69, 8.09%, 0, 6, 7, 1113.08, 281298, 5302
265, 0, 1027, 1286, 1129, 58, 8.10%, 0, 6, 7, 1154.14, 287476, 5306
270, 0, 1152, 1290, 1122, 46, 8.10%, 0, 6, 7, 1130.41, 293469, 5306
275, 0, 1137, 1294, 1114, 34, 8.10%, 0, 6, 7, 1120.14, 299281, 5306
280, 0, 733, 1296, 1104, 23, 8.10%, 0, 6, 7, 1113.48, 304732, 5306
285, 0, 854, 1304, 1105, 19, 8.11%, 0, 6, 7, 1146.62, 310620, 5316
290, 0, 737, 1307, 1097, 9, 8.11%, 0, 6, 7, 1142.45, 316369, 5316
295, 0, 559, 1316, 1098, 3, 8.11%, 0, 6, 7, 1182.39, 322395, 5318
301, 0, 583, 1320, 1098, 0, 8.11%, 0, 6, 7, 1121.48, 327913, 5318
306, 0, 561, 1321, 1099, 0, 8.11%, 0, 6, 7, 1179.74, 334067, 5318
311, 0, 1034, 1323, 1101, 0, 8.11%, 0, 6, 7, 1184.09, 340083, 5318
316, 0, 762, 1330, 1106, 0, 8.12%, 0, 6, 7, 1217.69, 346328, 5319
321, 0, 820, 1335, 1108, 0, 8.12%, 0, 6, 7, 1244.79, 352782, 5319
326, 0, 732, 1337, 1110, 0, 8.12%, 0, 6, 7, 1255.41, 359245, 5319
332, 0, 751, 1345, 1114, 0, 8.13%, 0, 6, 7, 1182.19, 365407, 5328
337, 0, 812, 1346, 1114, 0, 8.13%, 0, 6, 7, 1220.35, 371392, 5328
342, 0, 751, 1351, 1119, 0, 8.13%, 0, 6, 7, 1232.49, 377758, 5328
347, 0, 679, 1359, 1127, 0, 8.13%, 0, 6, 7, 960.09, 382308, 5328
352, 0, 679, 1366, 1134, 0, 8.14%, 0, 6, 7, 908.90, 386797, 5334
357, 0, 1353, 1370, 1138, 3, 8.14%, 0, 6, 7, 954.54, 391541, 5336
362, 0, 1271, 1372, 1135, 0, 8.14%, 0, 6, 7, 1140.87, 397572, 5336
367, 0, 786, 1375, 1137, 0, 8.15%, 0, 6, 7, 1217.89, 403945, 5338
372, 0, 583, 1380, 1141, 0, 8.15%, 0, 6, 7, 1224.13, 410108, 5339
377, 0, 493, 1383, 1144, 0, 8.15%, 0, 6, 7, 1228.21, 416524, 5339
382, 0, 453, 1386, 1146, 0, 8.15%, 0, 6, 7, 1249.54, 422797, 5341
388, 0, 1338, 1392, 1151, 0, 8.15%, 0, 6, 7, 1253.61, 429251, 5341
393, 0, 873, 1400, 1157, 1, 8.15%, 0, 6, 7, 1173.05, 435239, 5341
398, 0, 476, 1403, 1158, 0, 8.15%, 0, 6, 7, 1198.13, 441274, 5341
403, 0, 812, 1407, 1162, 0, 8.15%, 0, 6, 7, 1213.56, 447597, 5341
408, 0, 1332, 1411, 1166, 0, 8.15%, 0, 6, 7, 1214.03, 453933, 5341
413, 0, 626, 1415, 1168, 0, 8.15%, 0, 6, 7, 1199.85, 460182, 5343
418, 0, 732, 1418, 1169, 0, 8.15%, 0, 6, 7, 1244.73, 466476, 5343
424, 0, 1264, 1424, 1175, 0, 8.15%, 0, 6, 7, 1167.71, 472393, 5343
429, 0, 1413, 1427, 1177, 0, 8.15%, 0, 6, 7, 1166.29, 478337, 5343
434, 0, 732, 1436, 1184, 0, 8.16%, 0, 6, 7, 1200.86, 484659, 5346
439, 0, 738, 1439, 1186, 1, 8.17%, 0, 6, 7, 1189.22, 490765, 5352
444, 0, 812, 1447, 1190, 0, 8.17%, 0, 6, 7, 1234.42, 497001, 5353
449, 0, 453, 1447, 1189, 0, 8.17%, 0, 6, 7, 1252.15, 503482, 5353
454, 0, 369, 1448, 1189, 0, 8.17%, 0, 6, 7, 1248.90, 509837, 5353
459, 0, 732, 1453, 1193, 0, 8.17%, 0, 6, 7, 1251.79, 516320, 5353
464, 0, 1271, 1458, 1198, 0, 8.17%, 0, 6, 7, 1226.53, 522413, 5355
469, 0, 1022, 1460, 1199, 0, 8.17%, 0, 6, 7, 1230.67, 528566, 5355
475, 0, 148, 1462, 1201, 0, 8.17%, 0, 6, 7, 1242.02, 534768, 5355
480, 0, 732, 1468, 1207, 0, 8.17%, 0, 6, 7, 1084.39, 540466, 5356
485, 0, 732, 1472, 1210, 0, 8.17%, 0, 6, 7, 1168.38, 546264, 5356
490, 0, 846, 1487, 1225, 0, 8.17%, 0, 7, 7, 676.37, 550089, 5356
495, 0, 468, 1488, 1225, 0, 8.17%, 0, 7, 7, 1126.24, 556297, 5356
500, 0, 805, 1490, 1227, 0, 8.17%, 0, 7, 7, 1198.11, 562569, 5356
505, 0, 1137, 1492, 1228, 0, 8.17%, 0, 7, 7, 1222.20, 568689, 5356
510, 0, 1250, 1494, 1230, 0, 8.17%, 0, 7, 7, 1219.92, 574954, 5356
515, 0, 1424, 1496, 1231, 0, 8.17%, 0, 7, 7, 1224.92, 581275, 5356
521, 0, 732, 1504, 1238, 0, 8.17%, 0, 7, 7, 1062.60, 586732, 5356
526, 0, 1434, 1511, 1245, 0, 8.17%, 0, 7, 7, 1231.79, 593287, 5356
531, 0, 1434, 1514, 1248, 0, 8.17%, 0, 7, 7, 1290.06, 600041, 5356
536, 0, 820, 1516, 1249, 0, 8.17%, 0, 7, 7, 1253.98, 606486, 5356
541, 0, 751, 1519, 1252, 0, 8.17%, 0, 7, 7, 1164.37, 612137, 5356
546, 0, 1427, 1519, 1252, 0, 8.17%, 0, 7, 7, 1194.94, 618392, 5356
551, 0, 770, 1519, 1252, 0, 8.17%, 0, 7, 7, 1097.94, 623763, 5356
556, 0, 1372, 1520, 1253, 0, 8.17%, 0, 7, 7, 1214.20, 630089, 5356
562, 0, 732, 1521, 1254, 0, 8.17%, 0, 7, 7, 1219.38, 636481, 5356
567, 0, 462, 1521, 1254, 0, 8.17%, 0, 7, 7, 1225.87, 642900, 5356
572, 0, 1444, 1525, 1257, 0, 8.17%, 0, 7, 7, 1225.15, 649033, 5357
577, 0, 732, 1526, 1257, 0, 8.17%, 0, 7, 7, 1239.40, 655249, 5357
582, 0, 1466, 1529, 1260, 0, 8.17%, 0, 7, 7, 1178.22, 661204, 5357
587, 0, 812, 1530, 1260, 0, 8.17%, 0, 7, 7, 1161.94, 667141, 5357
592, 0, 812, 1533, 1263, 0, 8.17%, 0, 7, 7, 1250.07, 673699, 5357
597, 0, 812, 1535, 1265, 0, 8.17%, 0, 7, 7, 1248.74, 680169, 5357
602, 0, 1070, 1537, 1267, 0, 8.17%, 0, 7, 7, 1249.19, 686419, 5357
608, 0, 732, 1538, 1268, 0, 8.17%, 0, 7, 7, 1274.10, 692979, 5357
613, 0, 1338, 1540, 1270, 0, 8.17%, 0, 7, 7, 1241.54, 699059, 5357
618, 0, 1413, 1540, 1270, 0, 8.17%, 0, 7, 7, 1241.48, 705440, 5357
623, 0, 1457, 1542, 1271, 0, 8.17%, 0, 7, 7, 1261.00, 712031, 5357
628, 0, 812, 1543, 1270, 0, 8.17%, 0, 7, 7, 1215.46, 718302, 5357
633, 0, 1003, 1543, 1270, 0, 8.17%, 0, 7, 7, 1242.04, 724811, 5357
639, 0, 236, 1544, 1271, 0, 8.17%, 0, 7, 7, 1225.34, 731196, 5357
644, 0, 583, 1546, 1272, 0, 8.17%, 0, 7, 7, 1257.49, 737508, 5357
649, 0, 471, 1547, 1272, 0, 8.17%, 0, 7, 7, 1187.43, 743325, 5357
654, 0, 1130, 1547, 1272, 0, 8.17%, 0, 7, 7, 1238.14, 749798, 5357
659, 0, 1525, 1548, 1273, 0, 8.17%, 0, 7, 7, 1219.07, 755913, 5357
664, 0, 733, 1552, 1276, 0, 8.17%, 0, 7, 7, 1166.25, 761664, 5357
669, 0, 732, 1555, 1279, 0, 8.17%, 0, 7, 7, 1152.24, 767741, 5357
674, 0, 1067, 1555, 1278, 0, 8.17%, 0, 7, 7, 1243.18, 774131, 5357
679, 0, 845, 1558, 1280, 0, 8.17%, 0, 7, 7, 1235.50, 780502, 5357
684, 0, 830, 1565, 1287, 0, 8.17%, 0, 7, 7, 1228.16, 786642, 5357
690, 0, 764, 1570, 1290, 0, 8.22%, 0, 7, 7, 1234.36, 793212, 5386
695, 0, 462, 1570, 1289, 0, 8.22%, 0, 7, 7, 1228.45, 799579, 5386
700, 0, 1427, 1571, 1290, 0, 8.22%, 0, 7, 7, 1238.37, 806022, 5386
705, 0, 820, 1571, 1290, 0, 8.22%, 0, 7, 7, 1207.72, 812281, 5386
710, 0, 1569, 1588, 1307, 0, 8.24%, 0, 7, 7, 1221.71, 818450, 5397
715, 0, 1569, 1590, 1309, 0, 8.24%, 2, 7, 7, 1242.31, 824728, 5397
720, 0, 730, 1592, 1307, 0, 8.24%, 2, 7, 7, 1255.04, 830958, 5397
725, 0, 730, 1593, 1308, 0, 8.24%, 2, 7, 7, 1249.65, 837188, 5397
730, 0, 1525, 1595, 1310, 0, 8.24%, 2, 7, 7, 1175.15, 843259, 5397
735, 0, 732, 1597, 1312, 0, 8.24%, 2, 7, 7, 1245.96, 849647, 5398
741, 0, 468, 1600, 1311, 0, 8.24%, 2, 7, 7, 1268.86, 856206, 5402
746, 0, 762, 1600, 1310, 0, 8.24%, 2, 7, 7, 1249.74, 862717, 5402
751, 0, 1579, 1603, 1313, 0, 8.25%, 2, 7, 7, 1236.05, 868788, 5406
756, 0, 1047, 1603, 1310, 0, 8.25%, 2, 7, 7, 1243.62, 875365, 5406
761, 0, 462, 1605, 1312, 0, 8.25%, 2, 7, 7, 1235.45, 881827, 5406
766, 0, 812, 1608, 1312, 0, 8.25%, 2, 7, 7, 1241.84, 888204, 5407
772, 0, 733, 1610, 1314, 0, 8.25%, 2, 7, 7, 1252.95, 894704, 5407
777, 0, 858, 1611, 1315, 0, 8.25%, 2, 8, 7, 47.84, 899972, 5407
782, 0, 732, 1611, 1315, 0, 8.25%, 2, 8, 7, 1197.71, 906086, 5407
787, 0, 1611, 1621, 1324, 2, 8.28%, 4, 8, 7, 1213.89, 912272, 5425
792, 0, 1611, 1629, 1332, 2, 8.28%, 6, 8, 7, 1152.57, 917834, 5429
797, 0, 1611, 1629, 1332, 2, 8.28%, 7, 8, 7, 1195.44, 924040, 5429
802, 0, 905, 1630, 1326, 1, 8.28%, 7, 8, 7, 1189.32, 930172, 5429
807, 0, 1424, 1634, 1327, 0, 8.28%, 7, 8, 7, 1218.79, 936375, 5429
812, 0, 1250, 1635, 1327, 0, 8.28%, 7, 8, 8, 1228.55, 942786, 5429
817, 0, 1158, 1638, 1329, 0, 8.29%, 7, 8, 8, 1159.86, 948410, 5433
822, 0, 1372, 1638, 1328, 0, 8.29%, 7, 8, 8, 1193.49, 954362, 5433
828, 1, 782, 1639, 1328, 0, 8.29%, 7, 8, 8, 1209.50, 960540, 5434
833, 1, 563, 1650, 1336, 0, 8.30%, 7, 8, 8, 1076.11, 965867, 5439
838, 1, 732, 1656, 1341, 0, 8.30%, 7, 8, 8, 1173.58, 972109, 5439
843, 1, 775, 1659, 1344, 0, 8.30%, 7, 8, 8, 1227.29, 978525, 5439
848, 1, 751, 1663, 1347, 0, 8.30%, 7, 8, 8, 1232.98, 984894, 5439
854, 1, 1378, 1670, 1354, 0, 8.30%, 7, 8, 8, 1218.21, 991171, 5439
859, 1, 1633, 1678, 1362, 0, 8.30%, 7, 8, 8, 1213.76, 997349, 5439
864, 1, 1427, 1688, 1371, 0, 8.30%, 7, 8, 8, 1099.87, 1003055, 5439
869, 1, 1646, 1692, 1375, 0, 8.31%, 7, 8, 8, 1153.07, 1008974, 5448
874, 1, 1646, 1695, 1378, 0, 8.32%, 7, 8, 8, 1202.15, 1015229, 5450
879, 1, 1646, 1701, 1384, 0, 8.32%, 7, 8, 8, 1200.61, 1021357, 5454
884, 1, 1699, 1705, 1386, 3, 8.33%, 7, 8, 8, 1059.65, 1026661, 5457
889, 1, 1699, 1708, 1389, 3, 8.33%, 7, 8, 8, 1014.86, 1031717, 5457
894, 1, 1701, 1708, 1388, 4, 8.33%, 7, 8, 8, 1029.22, 1036847, 5457
899, 1, 1691, 1714, 1393, 3, 8.33%, 7, 8, 8, 1155.94, 1042962, 5457
904, 1, 1691, 1717, 1396, 3, 8.33%, 7, 8, 8, 1168.58, 1048917, 5457
910, 1, 1707, 1723, 1399, 1, 8.33%, 7, 8, 8, 1083.66, 1054408, 5457
915, 1, 1598, 1727, 1401, 0, 8.33%, 7, 8, 8, 1194.33, 1060753, 5457
920, 1, 991, 1731, 1404, 0, 8.33%, 7, 8, 8, 1215.30, 1066918, 5457
925, 1, 1689, 1732, 1405, 0, 8.33%, 7, 8, 8, 1212.87, 1073047, 5457
930, 1, 1027, 1735, 1406, 0, 8.33%, 7, 8, 8, 1184.09, 1079243, 5457
935, 1, 1372, 1736, 1405, 0, 8.33%, 7, 8, 8, 1241.82, 1085696, 5457
940, 1, 812, 1738, 1405, 0, 8.33%, 7, 8, 8, 1241.88, 1092069, 5457
945, 1, 732, 1743, 1410, 0, 8.33%, 7, 8, 8, 1254.51, 1098460, 5457
950, 1, 732, 1745, 1412, 0, 8.33%, 7, 8, 8, 1316.21, 1105156, 5457
956, 1, 732, 1748, 1414, 0, 8.33%, 7, 8, 8, 1293.82, 1111781, 5457
961, 1, 1126, 1748, 1411, 0, 8.33%, 7, 8, 8, 1148.91, 1117511, 5457
966, 1, 1134, 1750, 1412, 0, 8.33%, 7, 8, 8, 1200.31, 1123877, 5457
971, 1, 919, 1750, 1411, 0, 8.33%, 7, 8, 8, 1116.62, 1129513, 5457
976, 1, 1018, 1751, 1411, 0, 8.33%, 7, 8, 8, 1159.41, 1135694, 5457
981, 1, 732, 1753, 1412, 0, 8.33%, 7, 8, 8, 1226.33, 1142056, 5459
986, 1, 732, 1754, 1412, 0, 8.33%, 7, 8, 8, 1277.27, 1148836, 5459
992, 1, 583, 1760, 1418, 0, 8.33%, 7, 8, 8, 1235.06, 1155183, 5459
997, 1, 812, 1764, 1420, 0, 8.33%, 7, 8, 8, 1257.05, 1161524, 5459
1002, 1, 732, 1767, 1423, 0, 8.33%, 7, 8, 8, 1221.30, 1167717, 5459
1007, 1, 986, 1769, 1424, 0, 8.33%, 7, 8, 8, 1224.92, 1174075, 5459
1012, 1, 584, 1771, 1426, 0, 8.33%, 7, 8, 8, 1226.24, 1180252, 5459
1017, 1, 812, 1774, 1429, 0, 8.33%, 7, 8, 8, 1193.90, 1186234, 5459
1022, 1, 1074, 1776, 1431, 0, 8.33%, 7, 8, 8, 1217.64, 1192661, 5459
1027, 1, 453, 1777, 1432, 0, 8.33%, 7, 8, 8, 1216.51, 1199013, 5459
1032, 1, 732, 1781, 1435, 0, 8.33%, 7, 8, 8, 1107.07, 1204436, 5459
1038, 1, 735, 1783, 1437, 0, 8.33%, 7, 8, 8, 1205.12, 1210685, 5459
1043, 1, 453, 1785, 1433, 0, 8.33%, 7, 8, 8, 1127.33, 1216266, 5459
1048, 1, 1525, 1787, 1434, 0, 8.33%, 7, 8, 8, 1216.37, 1222657, 5459
1053, 1, 1113, 1790, 1433, 0, 8.33%, 7, 8, 8, 1214.20, 1228803, 5459
1058, 1, 463, 1794, 1435, 0, 8.33%, 7, 8, 8, 1149.59, 1234649, 5459
1063, 1, 1467, 1796, 1436, 0, 8.35%, 7, 8, 8, 1115.38, 1240348, 5469
1068, 1, 453, 1797, 1437, 0, 8.35%, 7, 8, 8, 1023.11, 1245587, 5469
1073, 1, 732, 1798, 1438, 0, 8.35%, 7, 8, 8, 1144.37, 1251503, 5469
1079, 1, 730, 1801, 1441, 0, 8.35%, 7, 8, 8, 1181.68, 1257561, 5469
1084, 1, 1795, 1804, 1444, 0, 8.35%, 7, 8, 8, 1210.65, 1263739, 5469
1089, 1, 1729, 1806, 1445, 0, 8.35%, 7, 8, 8, 1157.09, 1269611, 5470
1094, 1, 732, 1808, 1445, 0, 8.35%, 7, 8, 8, 1205.92, 1275842, 5470
1099, 1, 802, 1808, 1444, 0, 8.35%, 7, 8, 8, 1196.12, 1282003, 5470
1104, 1, 1598, 1808, 1443, 0, 8.35%, 7, 8, 8, 1228.58, 1288381, 5470
1109, 1, 1298, 1811, 1445, 0, 8.35%, 7, 8, 8, 1186.99, 1294175, 5471
1114, 1, 1598, 1814, 1447, 0, 8.35%, 7, 8, 8, 1208.66, 1300523, 5471
1120, 1, 732, 1815, 1446, 0, 8.35%, 7, 8, 8, 1219.83, 1306721, 5471
1125, 1, 1021, 1817, 1448, 0, 8.35%, 7, 8, 8, 1111.04, 1312494, 5471
1130, 1, 732, 1820, 1450, 0, 8.35%, 7, 8, 8, 1184.06, 1318775, 5471
1135, 1, 805, 1825, 1454, 0, 8.35%, 7, 8, 8, 1209.48, 1325035, 5471
1140, 1, 732, 1825, 1453, 0, 8.35%, 7, 8, 8, 1203.51, 1331215, 5471
1145, 1, 770, 1827, 1454, 0, 8.35%, 7, 8, 8, 1203.63, 1337196, 5471
1150, 1, 732, 1829, 1455, 0, 8.35%, 7, 8, 8, 1216.37, 1343311, 5471
1155, 1, 737, 1830, 1455, 0, 8.35%, 7, 8, 8, 1193.34, 1349447, 5471
1161, 1, 812, 1834, 1458, 0, 8.35%, 7, 8, 8, 1257.39, 1355991, 5471
1166, 1, 732, 1836, 1460, 0, 8.35%, 7, 8, 8, 1187.72, 1362156, 5471
1171, 1, 453, 1837, 1461, 0, 8.35%, 7, 8, 8, 1227.69, 1368416, 5471
1176, 1, 750, 1838, 1462, 0, 8.35%, 7, 8, 8, 1178.05, 1374564, 5471
1181, 1, 991, 1842, 1464, 0, 8.35%, 7, 8, 8, 1150.48, 1380299, 5471
1186, 1, 732, 1851, 1473, 0, 8.35%, 7, 8, 8, 1208.58, 1386367, 5471
1191, 1, 802, 1852, 1473, 0, 8.35%, 7, 8, 8, 1201.89, 1392542, 5471
1197, 1, 732, 1853, 1474, 0, 8.35%, 7, 8, 8, 1235.51, 1398941, 5471
1202, 1, 1297, 1854, 1475, 0, 8.35%, 7, 8, 8, 1236.76, 1405171, 5471
1207, 1, 805, 1856, 1475, 0, 8.35%, 7, 8, 8, 1186.38, 1411264, 5471
1212, 1, 762, 1858, 1476, 0, 8.35%, 7, 8, 8, 1218.43, 1417618, 5471
1217, 1, 844, 1861, 1479, 0, 8.35%, 7, 8, 8, 1186.02, 1423658, 5471
1222, 1, 732, 1863, 1480, 0, 8.35%, 7, 8, 8, 1217.85, 1429684, 5472
1227, 1, 1861, 1867, 1482, 0, 8.35%, 7, 8, 8, 1153.53, 1435398, 5472
1232, 1, 732, 1868, 1483, 0, 8.35%, 7, 8, 8, 1208.65, 1441606, 5472
1237, 1, 732, 1869, 1484, 0, 8.35%, 7, 8, 8, 1228.05, 1447803, 5472
1242, 1, 730, 1870, 1484, 0, 8.35%, 7, 8, 8, 1204.08, 1454029, 5474
1247, 1, 1142, 1872, 1485, 0, 8.35%, 7, 8, 8, 1152.09, 1459857, 5474
1252, 1, 730, 1873, 1484, 0, 8.37%, 7, 8, 8, 1162.75, 1465506, 5486
1257, 1, 1712, 1877, 1488, 0, 8.37%, 7, 8, 8, 1213.83, 1471627, 5486
1262, 1, 812, 1880, 1490, 1, 8.37%, 7, 8, 8, 1099.32, 1477135, 5487
1268, 1, 1824, 1888, 1498, 1, 8.37%, 7, 8, 8, 1139.18, 1483116, 5487
1273, 1, 1132, 1889, 1499, 1, 8.37%, 7, 8, 8, 1165.68, 1489160, 5487
1278, 1, 732, 1889, 1498, 1, 8.37%, 7, 8, 8, 1198.68, 1495293, 5487
1283, 1, 818, 1890, 1497, 0, 8.37%, 7, 8, 8, 1120.00, 1500820, 5487
1288, 1, 732, 1896, 1503, 0, 8.37%, 7, 8, 8, 1002.44, 1505975, 5487
1293, 1, 1873, 1897, 1502, 0, 8.37%, 7, 8, 8, 973.36, 1511044, 5487
1298, 1, 1873, 1897, 1502, 0, 8.37%, 7, 8, 8, 975.16, 1515892, 5487
1303, 1, 236, 1898, 1500, 0, 8.37%, 7, 8, 8, 1110.37, 1521612, 5487
1308, 1, 501, 1901, 1500, 0, 8.37%, 7, 8, 8, 1116.85, 1527463, 5487
1313, 1, 453, 1904, 1503, 0, 8.37%, 7, 8, 8, 1175.78, 1533418, 5487
1318, 1, 486, 1905, 1502, 0, 8.37%, 7, 8, 8, 1129.50, 1538920, 5487
1324, 1, 1662, 1907, 1503, 0, 8.37%, 7, 8, 8, 1092.81, 1544661, 5487
1329, 1, 732, 1910, 1505, 0, 8.37%, 7, 8, 8, 1105.88, 1550016, 5488
1334, 1, 1857, 1913, 1507, 0, 8.37%, 7, 8, 8, 1137.83, 1555768, 5488
1339, 1, 1424, 1913, 1506, 0, 8.37%, 7, 8, 8, 1153.99, 1561727, 5488
1344, 1, 1372, 1915, 1506, 0, 8.37%, 7, 8, 8, 1137.05, 1567596, 5488
1349, 1, 1413, 1916, 1506, 0, 8.37%, 7, 8, 8, 1166.23, 1573671, 5488
1354, 1, 812, 1917, 1506, 0, 8.37%, 7, 8, 8, 1183.56, 1579734, 5488
1360, 1, 857, 1917, 1506, 0, 8.37%, 7, 8, 8, 1185.50, 1585839, 5488
1365, 1, 805, 1921, 1510, 0, 8.37%, 7, 8, 8, 1187.05, 1592053, 5488
1370, 1, 732, 1923, 1511, 0, 8.37%, 7, 8, 8, 1161.10, 1597762, 5488
1375, 1, 1443, 1923, 1510, 0, 8.37%, 7, 8, 8, 1160.46, 1603566, 5488
1380, 1, 812, 1936, 1520, 0, 8.37%, 7, 8, 8, 1104.34, 1608824, 5488
1385, 1, 1525, 1937, 1521, 0, 8.37%, 7, 8, 8, 1121.49, 1614652, 5488
1390, 1, 114, 1939, 1523, 0, 8.37%, 7, 8, 8, 1159.32, 1620672, 5488
1395, 1, 820, 1939, 1523, 0, 8.37%, 7, 8, 8, 1160.38, 1626780, 5488
1401, 1, 732, 1939, 1523, 0, 8.37%, 7, 8, 8, 1093.03, 1632620, 5488
1406, 1, 732, 1941, 1525, 0, 8.37%, 7, 8, 8, 1159.01, 1638618, 5488
1411, 1, 762, 1943, 1527, 0, 8.37%, 7, 8, 8, 1172.24, 1644735, 5488
1416, 1, 460, 1961, 1545, 0, 8.37%, 7, 8, 8, 945.22, 1649278, 5488
1421, 1, 732, 1961, 1545, 0, 8.37%, 7, 8, 8, 1165.29, 1655620, 5488
1426, 1, 730, 1964, 1548, 0, 8.37%, 7, 8, 8, 1086.86, 1661234, 5488
1431, 1, 1525, 1969, 1552, 0, 8.37%, 7, 8, 8, 1049.71, 1666002, 5488
1436, 1, 730, 1969, 1551, 0, 8.37%, 7, 8, 8, 1157.93, 1672134, 5488
1441, 1, 584, 1970, 1551, 0, 8.37%, 7, 8, 8, 1139.57, 1678078, 5488
1447, 1, 812, 1971, 1552, 0, 8.37%, 7, 8, 8, 1179.76, 1684129, 5488
1452, 1, 732, 1974, 1554, 0, 8.37%, 7, 8, 8, 1193.17, 1690285, 5488
1457, 1, 1385, 1993, 1572, 0, 8.37%, 8, 8, 8, 1058.01, 1695410, 5488
1462, 1, 453, 1994, 1570, 0, 8.37%, 8, 8, 8, 1007.60, 1700482, 5488
1467, 1, 732, 1995, 1570, 0, 8.37%, 8, 8, 8, 1125.98, 1706454, 5488
1472, 1, 229, 1995, 1569, 0, 8.37%, 8, 8, 8, 1135.17, 1712403, 5488
1477, 1, 453, 1998, 1569, 0, 8.37%, 8, 8, 8, 1103.63, 1718089, 5488
1482, 1, 732, 1999, 1570, 0, 8.37%, 8, 8, 8, 1197.41, 1724158, 5488
1488, 1, 1202, 1999, 1567, 0, 8.37%, 8, 8, 8, 1102.81, 1730023, 5488
1493, 1, 1878, 2000, 1567, 0, 8.37%, 8, 8, 8, 1131.89, 1735937, 5488
1498, 1, 732, 2002, 1569, 0, 8.37%, 8, 8, 8, 1174.25, 1741930, 5488
1503, 1, 1861, 2010, 1577, 0, 8.37%, 8, 8, 8, 963.53, 1746624, 5488
1508, 1, 732, 2011, 1578, 0, 8.37%, 8, 8, 8, 1107.35, 1752491, 5488
1513, 1, 732, 2011, 1577, 0, 8.37%, 8, 8, 8, 1126.89, 1758157, 5488
1518, 1, 1372, 2012, 1578, 0, 8.37%, 8, 8, 8, 1102.46, 1764031, 5488
1523, 1, 626, 2012, 1576, 0, 8.37%, 8, 8, 8, 1121.85, 1769685, 5488
1528, 1, 732, 2012, 1576, 0, 8.37%, 8, 8, 8, 1112.95, 1775415, 5488
1533, 1, 1883, 2013, 1577, 0, 8.37%, 8, 8, 8, 1067.44, 1780924, 5488
1539, 1, 1883, 2014, 1578, 0, 8.37%, 8, 8, 8, 1076.05, 1786374, 5488
1544, 1, 608, 2015, 1577, 0, 8.37%, 8, 8, 8, 1069.55, 1791710, 5488
1549, 1, 732, 2017, 1577, 0, 8.38%, 8, 8, 8, 1071.77, 1797206, 5491
1554, 1, 1598, 2017, 1576, 0, 8.38%, 8, 8, 8, 1068.78, 1802717, 5491
1559, 1, 453, 2018, 1576, 0, 8.38%, 8, 8, 8, 1048.46, 1808176, 5491
1564, 1, 1437, 2020, 1578, 0, 8.38%, 8, 8, 8, 1056.69, 1813790, 5491
1569, 1, 812, 2021, 1579, 0, 8.38%, 8, 8, 8, 1135.56, 1819605, 5491
1575, 1, 1692, 2022, 1579, 0, 8.38%, 8, 8, 8, 1133.04, 1825518, 5491
1580, 1, 1691, 2023, 1579, 0, 8.38%, 8, 8, 8, 1068.24, 1830819, 5491
1585, 1, 1691, 2024, 1580, 0, 8.38%, 8, 8, 8, 981.58, 1835798, 5491
1590, 1, 1691, 2025, 1581, 0, 8.38%, 8, 8, 8, 967.31, 1840592, 5491
1595, 1, 770, 2026, 1582, 0, 8.38%, 8, 8, 8, 1089.73, 1846514, 5491
1600, 1, 415, 2027, 1582, 0, 8.38%, 8, 8, 8, 1119.61, 1852334, 5491
1605, 1, 732, 2027, 1581, 0, 8.38%, 8, 8, 8, 1144.36, 1858360, 5491
1611, 1, 732, 2028, 1582, 0, 8.38%, 8, 8, 8, 1202.75, 1864640, 5491
1616, 1, 683, 2030, 1583, 0, 8.38%, 8, 8, 8, 1158.43, 1870397, 5491
1621, 1, 493, 2031, 1584, 0, 8.38%, 8, 8, 8, 1166.49, 1876432, 5491
1626, 1, 2018, 2035, 1588, 0, 8.38%, 8, 8, 8, 1144.81, 1882396, 5491
1631, 1, 225, 2037, 1588, 0, 8.38%, 8, 8, 8, 1146.50, 1888292, 5491
1636, 1, 2039, 2040, 1590, 1, 8.40%, 8, 8, 8, 1142.72, 1894021, 5505
1641, 1, 493, 2042, 1590, 0, 8.40%, 8, 8, 8, 1123.72, 1899834, 5505
1646, 1, 2037, 2042, 1589, 0, 8.40%, 8, 8, 8, 1093.46, 1905543, 5505
1651, 1, 732, 2043, 1590, 0, 8.40%, 8, 8, 8, 1162.43, 1911500, 5505
1657, 1, 1034, 2047, 1593, 0, 8.41%, 8, 8, 8, 1120.77, 1917163, 5510
1662, 1, 732, 2050, 1596, 0, 8.41%, 8, 8, 8, 1084.94, 1922776, 5510
1667, 1, 732, 2050, 1596, 0, 8.41%, 8, 8, 8, 1108.11, 1928510, 5510
1672, 1, 830, 2059, 1605, 0, 8.41%, 8, 8, 8, 907.42, 1933226, 5510
1677, 1, 2002, 2067, 1612, 0, 8.42%, 8, 8, 8, 867.33, 1937746, 5516
1682, 1, 2002, 2076, 1621, 0, 8.42%, 9, 8, 8, 739.73, 1941285, 5516
1687, 1, 2012, 2083, 1627, 0, 8.42%, 9, 8, 8, 824.68, 1945227, 5516
1692, 1, 805, 2086, 1629, 0, 8.42%, 9, 10, 8, 860.80, 1948012, 5516
1697, 1, 812, 2088, 1631, 0, 8.42%, 9, 10, 8, 1099.92, 1953985, 5516
1702, 1, 732, 2088, 1630, 0, 8.42%, 9, 10, 8, 1112.09, 1959494, 5516
1707, 1, 1372, 2088, 1630, 0, 8.42%, 9, 10, 8, 1153.64, 1965355, 5516
1712, 1, 732, 2088, 1629, 0, 8.42%, 9, 10, 8, 1216.52, 1971519, 5516
1718, 1, 1536, 2090, 1631, 0, 8.42%, 9, 10, 8, 1159.78, 1977486, 5516
1723, 1, 732, 2092, 1632, 0, 8.42%, 9, 10, 8, 1156.86, 1983293, 5516
1728, 1, 812, 2093, 1632, 0, 8.42%, 9, 10, 8, 1102.83, 1988936, 5517
1733, 1, 1022, 2094, 1633, 0, 8.42%, 9, 10, 8, 1116.93, 1994647, 5517
1738, 1, 1861, 2105, 1644, 0, 8.42%, 10, 10, 8, 1065.50, 1999970, 5518
1743, 1, 1861, 2108, 1647, 0, 8.42%, 10, 10, 8, 1047.07, 2005283, 5518
1748, 1, 1427, 2109, 1647, 0, 8.42%, 10, 10, 8, 1032.33, 2010639, 5518
1753, 1, 732, 2110, 1647, 0, 8.42%, 10, 10, 8, 1105.38, 2016225, 5518
1758, 1, 1022, 2110, 1647, 0, 8.42%, 10, 10, 8, 1076.21, 2021633, 5518
1763, 1, 1691, 2114, 1651, 0, 8.42%, 10, 10, 8, 1080.79, 2027041, 5518
1768, 1, 1525, 2114, 1651, 0, 8.42%, 10, 10, 8, 1109.83, 2032871, 5518
1773, 1, 805, 2115, 1652, 0, 8.42%, 10, 10, 8, 1154.00, 2038933, 5518
1779, 1, 732, 2116, 1653, 0, 8.42%, 10, 10, 8, 1171.46, 2045111, 5518
1784, 1, 1712, 2118, 1653, 0, 8.42%, 10, 10, 8, 1109.09, 2050566, 5518
1789, 1, 738, 2119, 1654, 0, 8.42%, 10, 10, 8, 1125.04, 2056473, 5518
1794, 1, 1034, 2119, 1652, 0, 8.42%, 10, 10, 8, 1131.63, 2062325, 5518
1799, 1, 751, 2120, 1653, 0, 8.42%, 10, 10, 8, 1088.21, 2067867, 5518
1804, 1, 818, 2120, 1652, 0, 8.42%, 10, 10, 8, 970.62, 2072675, 5518
